# |V|      |E|      sol    TM    TW    nc   nn

 2000  11954.0  76252.2   2.0   1.0  96.0  1.8
 4000  23948.8 152670.8   8.0   8.6 210.8  1.8
 6000  35944.8 228151.8  19.6  29.0 315.6  5.8
 8000  47943.2 304494.4  33.2  64.6 402.4  5.4
10000  59940.8 381418.4  54.6 121.8 508.6  3.4
12000  71940.4 456848.2  83.8 205.2 592.2  6.6
14000  83940.8 532892.2 123.4 323.2 714.2  9.8
16000  95940.0 609543.4 161.6 466.2 809.0  3.8
18000 107940.4 685942.8 238.6 610.2 892.2 23.4
20000 119940.8 761313.6 260.6 966.0 994.6 11.4

 2000   8993.2  69784.0   1.0   1.0  62.0  1.0
 4000  17953.2 138683.6   5.0   7.6 117.2  1.0
 6000  26927.2 209107.0  12.8  24.2 167.2  1.0
 8000  35959.2 278163.6  21.8  52.6 235.8  1.0
10000  44885.6 347787.8  34.2 105.4 302.0  2.2
12000  53986.4 417741.4  52.0 178.6 344.4  2.6
14000  62957.6 487385.2  71.6 259.8 433.4  1.4
16000  72022.0 557102.4 104.2 409.8 497.0  2.2
18000  81008.4 627120.4 134.2 553.2 559.4  1.4
20000  90070.8 696551.2 173.4 744.2 591.8  1.4

 2000   5978.0  59391.4   0.0   0.0  22.4  1.0
 4000  12024.8 119097.2   3.0   6.0  55.8  1.0
 6000  18023.2 177989.8   7.0  19.0  82.0  1.0
 8000  23991.2 236876.4  13.0  45.2 110.2  1.0
10000  29916.8 295787.2  20.4  86.6 147.6  1.0
12000  35953.2 355339.4  28.4 133.0 173.6  1.0
14000  41856.0 414359.8  40.6 232.0 204.2  1.0
16000  47967.2 473423.0  52.2 313.8 231.0  1.0
18000  53926.8 532449.8  71.2 438.0 250.6  1.0
20000  59950.8 592990.6  91.2 586.4 276.6  1.0

 500    3088.8  18782.8   0.0   0.0   0.4  1.0
1000    6921.6  38531.8   0.0   0.0   1.6  1.0
1500   10936.8  58556.4   1.0   0.2   1.4  1.0
2000   15096.0  79500.2   2.0   1.0   1.4  1.0
2500   19581.6 100081.8   3.6   2.0   1.2  1.4
3000   24068.4 120798.2   5.2   4.0   0.6  1.0

 500   24825.2  24287.8   1.0   0.0   0.8  1.0
1000   99793.2  49415.6  19.6   2.0   1.2  1.4
1500  224631.2  74536.4  76.6   9.2   2.8  2.2
2000  399902.8  99644.0 212.8  27.0   8.4  4.2
2500  624999.2 124717.2 389.4  57.6   3.6  1.4
3000  900110.4 149809.6 629.2 114.4   1.2  1.0

 500  124908.0  24944.2  12.0   1.0   3.8  2.6
 750  281022.4  37480.0  67.0   6.2  11.8 12.6
1000  499435.6  49992.6 234.2  19.0  27.4 35.4
1250  780804.4  62497.2 373.0  42.0  34.0 33.8
1500 1124412.4  74998.4 610.8  77.6  21.2 31.0

 500  249500.0  24994.0  30.0   4.0   6.0  5.0
 750  561750.0  37500.0 166.0  18.0  27.0 27.0
1000  999000.0  50000.0 357.0  47.0  15.0 31.0
